# Made in Blockbench 4.12.4
mtllib cha.mtl

o cube
v 0.3125 0.998179312496073 0.2820706772395965
v 0.3125 0.8764320296558901 -0.26709582676536586
v 0.3125 0.3879943080461157 0.4173454359509105
v 0.3125 0.26624702520593285 -0.13182106805405183
v -0.3125 0.8764320296558901 -0.26709582676536586
v -0.3125 0.998179312496073 0.2820706772395965
v -0.3125 0.26624702520593285 -0.13182106805405183
v -0.3125 0.3879943080461157 0.4173454359509105
vt 0.0703125 0.9296875
vt 0.1484375 0.9296875
vt 0.1484375 0.8515625
vt 0.0703125 0.8515625
vt 0 0.9296875
vt 0.0703125 0.9296875
vt 0.0703125 0.8515625
vt 0 0.8515625
vt 0.21875 0.9296875
vt 0.296875 0.9296875
vt 0.296875 0.8515625
vt 0.21875 0.8515625
vt 0.1484375 0.9296875
vt 0.21875 0.9296875
vt 0.21875 0.8515625
vt 0.1484375 0.8515625
vt 0.1484375 0.9296875
vt 0.0703125 0.9296875
vt 0.0703125 1
vt 0.1484375 1
vt 0.2265625 1
vt 0.1484375 1
vt 0.1484375 0.9296875
vt 0.2265625 0.9296875
vn 0 -0.2164396139381029 -0.9762960071199335
vn 1 0 0
vn 0 0.2164396139381029 0.9762960071199335
vn -1 0 0
vn 0 0.9762960071199335 -0.2164396139381029
vn 0 -0.9762960071199335 0.2164396139381029
usemtl m_ccf6ad12-564d-3a74-dd0c-ad7c529d1cee
f 4/4/1 7/3/1 5/2/1 2/1/1
f 3/8/2 4/7/2 2/6/2 1/5/2
f 8/12/3 3/11/3 1/10/3 6/9/3
f 7/16/4 8/15/4 6/14/4 5/13/4
f 6/20/5 1/19/5 2/18/5 5/17/5
f 7/24/6 4/23/6 3/22/6 8/21/6
o cube
v 0.32499999999999996 0.813224007844009 0.24716499450569068
v 0.32499999999999996 0.9119864088920756 -0.312944415020003
v 0.32499999999999996 0.3085100344252528 0.158170303451389
v 0.32499999999999996 0.4072724354733195 -0.40193910607430466
v -0.32499999999999996 0.9119864088920756 -0.312944415020003
v -0.32499999999999996 0.813224007844009 0.24716499450569068
v -0.32499999999999996 0.4072724354733195 -0.40193910607430466
v -0.32499999999999996 0.3085100344252528 0.158170303451389
vt 0.0703125 0.7734375
vt 0.1484375 0.7734375
vt 0.1484375 0.7109375
vt 0.0703125 0.7109375
vt 0 0.7734375
vt 0.0703125 0.7734375
vt 0.0703125 0.7109375
vt 0 0.7109375
vt 0.21875 0.7734375
vt 0.296875 0.7734375
vt 0.296875 0.7109375
vt 0.21875 0.7109375
vt 0.1484375 0.7734375
vt 0.21875 0.7734375
vt 0.21875 0.7109375
vt 0.1484375 0.7109375
vt 0.1484375 0.7734375
vt 0.0703125 0.7734375
vt 0.0703125 0.84375
vt 0.1484375 0.84375
vt 0.2265625 0.84375
vt 0.1484375 0.84375
vt 0.1484375 0.7734375
vt 0.2265625 0.7734375
vn 0 0.17364817766693033 -0.984807753012208
vn 1 0 0
vn 0 -0.17364817766693033 0.984807753012208
vn -1 0 0
vn 0 0.984807753012208 0.17364817766693033
vn 0 -0.984807753012208 -0.17364817766693033
usemtl m_ccf6ad12-564d-3a74-dd0c-ad7c529d1cee
f 12/28/7 15/27/7 13/26/7 10/25/7
f 11/32/8 12/31/8 10/30/8 9/29/8
f 16/36/9 11/35/9 9/34/9 14/33/9
f 15/40/10 16/39/10 14/38/10 13/37/10
f 14/44/11 9/43/11 10/42/11 13/41/11
f 15/48/12 12/47/12 11/46/12 16/45/12
o cube
v 0.2875 1.3400845701210915 0.2244195148313255
v 0.2875 1.3160939070701567 -0.3250570070386965
v 0.2875 0.82807235656039 0.2467744508560602
v 0.2875 0.8040816935094551 -0.3027020710139618
v -0.2875 1.3160939070701567 -0.3250570070386965
v -0.2875 1.3400845701210915 0.2244195148313255
v -0.2875 0.8040816935094551 -0.3027020710139618
v -0.2875 0.82807235656039 0.2467744508560602
vt 0.0625 0.6328125
vt 0.1328125 0.6328125
vt 0.1328125 0.5703125
vt 0.0625 0.5703125
vt 0 0.6328125
vt 0.0625 0.6328125
vt 0.0625 0.5703125
vt 0 0.5703125
vt 0.1953125 0.6328125
vt 0.265625 0.6328125
vt 0.265625 0.5703125
vt 0.1953125 0.5703125
vt 0.1328125 0.6328125
vt 0.1953125 0.6328125
vt 0.1953125 0.5703125
vt 0.1328125 0.5703125
vt 0.1328125 0.6328125
vt 0.0625 0.6328125
vt 0.0625 0.6953125
vt 0.1328125 0.6953125
vt 0.203125 0.6953125
vt 0.1328125 0.6953125
vt 0.1328125 0.6328125
vt 0.203125 0.6328125
vn 0 -0.04361938736533602 -0.9990482215818577
vn 1 0 0
vn 0 0.04361938736533602 0.9990482215818577
vn -1 0 0
vn 0 0.9990482215818577 -0.04361938736533602
vn 0 -0.9990482215818577 0.04361938736533602
usemtl m_ccf6ad12-564d-3a74-dd0c-ad7c529d1cee
f 20/52/13 23/51/13 21/50/13 18/49/13
f 19/56/14 20/55/14 18/54/14 17/53/14
f 24/60/15 19/59/15 17/58/15 22/57/15
f 23/64/16 24/63/16 22/62/16 21/61/16
f 22/68/17 17/67/17 18/66/17 21/65/17
f 23/72/18 20/71/18 19/70/18 24/69/18
o cube
v 0.5419248684701835 1.3430662912701652 0.2927121569605056
v 0.25587147318673964 1.3372479496566658 0.1594502247642356
v 0.5419248684701835 1.2681376746515265 0.2959836110129058
v 0.25587147318673964 1.2623193330380271 0.16272167881663577
v 0.22417510355618725 1.3402128939392886 0.22735861347759212
v 0.5102284988396311 1.346031235552788 0.36062054567386215
v 0.22417510355618725 1.26528427732065 0.2306300675299923
v 0.5102284988396311 1.2711026189341492 0.3638919997262623
vt 0.71875 0.6328125
vt 0.7265625 0.6328125
vt 0.7265625 0.625
vt 0.71875 0.625
vt 0.6796875 0.6328125
vt 0.71875 0.6328125
vt 0.71875 0.625
vt 0.6796875 0.625
vt 0.765625 0.6328125
vt 0.7734375 0.6328125
vt 0.7734375 0.625
vt 0.765625 0.625
vt 0.7265625 0.6328125
vt 0.765625 0.6328125
vt 0.765625 0.625
vt 0.7265625 0.625
vt 0.7265625 0.6328125
vt 0.71875 0.6328125
vt 0.71875 0.671875
vt 0.7265625 0.671875
vt 0.734375 0.671875
vt 0.7265625 0.671875
vt 0.7265625 0.6328125
vt 0.734375 0.6328125
vn -0.90630778703665 -0.01843434966653254 -0.42221602280006193
vn 0.42261826174069944 -0.039532590434972106 -0.9054451828447544
vn 0.90630778703665 0.01843434966653254 0.42221602280006193
vn -0.42261826174069944 0.039532590434972106 0.9054451828447544
vn -3.469446951953614e-18 0.9990482215818577 -0.04361938736533602
vn 3.469446951953614e-18 -0.9990482215818577 0.04361938736533602
usemtl m_ccf6ad12-564d-3a74-dd0c-ad7c529d1cee
f 28/76/19 31/75/19 29/74/19 26/73/19
f 27/80/20 28/79/20 26/78/20 25/77/20
f 32/84/21 27/83/21 25/82/21 30/81/21
f 31/88/22 32/87/22 30/86/22 29/85/22
f 30/92/23 25/91/23 26/90/23 29/89/23
f 31/96/24 28/95/24 27/94/24 32/93/24
o cube
v 0.5345508533831084 1.3310600413365135 0.3042936436899034
v 0.24000082259619776 1.3250688776948905 0.16707343627988364
v 0.5345508533831084 0.8284139048531407 0.32623964795808813
v 0.24000082259619776 0.8224227412115176 0.18901944054806835
v 0.24000082259619776 1.3250688776948905 0.16707343627988364
v 0.5345508533831084 1.3310600413365135 0.3042936436899034
v 0.24000082259619776 0.8224227412115176 0.18901944054806835
v 0.5345508533831084 0.8284139048531407 0.32623964795808813
vt 0.390625 0.28125
vt 0.390625 0.28125
vt 0.390625 0.34375
vt 0.390625 0.34375
vt 0.390625 0.34375
vt 0.390625 0.28125
vt 0.3515625 0.28125
vt 0.3515625 0.34375
vt 0.4296875 0.34375
vt 0.4296875 0.34375
vt 0.4296875 0.28125
vt 0.4296875 0.28125
vt 0.390625 0.28125
vt 0.390625 0.34375
vt 0.4296875 0.34375
vt 0.4296875 0.28125
vt 0.390625 0.3828125
vt 0.390625 0.3828125
vt 0.390625 0.34375
vt 0.390625 0.34375
vt 0.390625 0.3828125
vt 0.390625 0.3828125
vt 0.390625 0.34375
vt 0.390625 0.34375
vn -0.90630778703665 -0.01843434966653254 -0.42221602280006193
vn 0.42261826174069944 -0.039532590434972106 -0.9054451828447544
vn 0.90630778703665 0.01843434966653254 0.42221602280006193
vn -0.42261826174069944 0.039532590434972106 0.9054451828447544
vn -3.469446951953614e-18 0.9990482215818577 -0.04361938736533602
vn 3.469446951953614e-18 -0.9990482215818577 0.04361938736533602
usemtl m_ccf6ad12-564d-3a74-dd0c-ad7c529d1cee
f 36/100/25 39/99/25 37/98/25 34/97/25
f 35/104/26 36/103/26 34/102/26 33/101/26
f 40/108/27 35/107/27 33/106/27 38/105/27
f 39/112/28 40/111/28 38/110/28 37/109/28
f 38/116/29 33/115/29 34/114/29 37/113/29
f 39/120/30 36/119/30 35/118/30 40/117/30
o cube
v 0.6327255722078857 1.5640562951727195 0.4442674659817505
v 0.5128107351588777 1.3328777200289372 0.26595302776935786
v 0.6612201869522041 1.513024752147229 0.49126574836536857
v 0.541305349903196 1.2818461770034468 0.31295131015297595
v 0.44955637672291127 1.3346354710100163 0.30621214413252207
v 0.5694712137719193 1.5658140461537986 0.4845265823449147
v 0.4780509914672296 1.2836039279845262 0.35321042651614015
v 0.5979658285162377 1.5147825031283084 0.5315248647285328
vt 0.4765625 0.28125
vt 0.484375 0.28125
vt 0.484375 0.2734375
vt 0.4765625 0.2734375
vt 0.4375 0.28125
vt 0.4765625 0.28125
vt 0.4765625 0.2734375
vt 0.4375 0.2734375
vt 0.5234375 0.28125
vt 0.53125 0.28125
vt 0.53125 0.2734375
vt 0.5234375 0.2734375
vt 0.484375 0.28125
vt 0.5234375 0.28125
vt 0.5234375 0.2734375
vt 0.484375 0.2734375
vt 0.484375 0.28125
vt 0.4765625 0.28125
vt 0.4765625 0.3203125
vt 0.484375 0.3203125
vt 0.4921875 0.3203125
vt 0.484375 0.3203125
vt 0.484375 0.28125
vt 0.4921875 0.28125
vn -0.37992819659091515 -0.7324469707525747 -0.56495663592045
vn 0.8433914458128856 -0.023436679747723427 -0.536788218175523
vn 0.37992819659091515 0.7324469707525747 0.56495663592045
vn -0.8433914458128856 0.023436679747723427 0.536788218175523
vn -0.37992819659091526 0.6804205736732095 -0.6266437651149138
vn 0.37992819659091526 -0.6804205736732095 0.6266437651149138
usemtl m_ccf6ad12-564d-3a74-dd0c-ad7c529d1cee
f 44/124/31 47/123/31 45/122/31 42/121/31
f 43/128/32 44/127/32 42/126/32 41/125/32
f 48/132/33 43/131/33 41/130/33 46/129/33
f 47/136/34 48/135/34 46/134/34 45/133/34
f 46/140/35 41/139/35 42/138/35 45/137/35
f 47/144/36 44/143/36 43/142/36 48/141/36
o cube
v 0.850690041450794 1.260550922534159 0.8814837071812107
v 0.6595386675409893 1.6028875236634932 0.5662035628577691
v 0.6559768406979499 0.8851718500234647 0.5919434312719803
v 0.4648254667881453 1.227508451152799 0.27666328694853864
v 0.6595386675409893 1.6028875236634932 0.5662035628577691
v 0.850690041450794 1.260550922534159 0.8814837071812107
v 0.4648254667881453 1.227508451152799 0.27666328694853864
v 0.6559768406979499 0.8851718500234647 0.5919434312719803
vt 0.5859375 0.4765625
vt 0.5859375 0.4765625
vt 0.5859375 0.4140625
vt 0.5859375 0.4140625
vt 0.5234375 0.4765625
vt 0.5859375 0.4765625
vt 0.5859375 0.4140625
vt 0.5234375 0.4140625
vt 0.6484375 0.4765625
vt 0.6484375 0.4765625
vt 0.6484375 0.4140625
vt 0.6484375 0.4140625
vt 0.5859375 0.4765625
vt 0.6484375 0.4765625
vt 0.6484375 0.4140625
vt 0.5859375 0.4140625
vt 0.5859375 0.4765625
vt 0.5859375 0.4765625
vt 0.5859375 0.5390625
vt 0.5859375 0.5390625
vt 0.5859375 0.5390625
vt 0.5859375 0.5390625
vt 0.5859375 0.4765625
vt 0.5859375 0.4765625
vn -0.3799281965909152 0.6804205736732097 -0.6266437651149137
vn 0.8433914458128856 -0.023436679747723482 -0.536788218175523
vn 0.3799281965909152 -0.6804205736732097 0.6266437651149137
vn -0.8433914458128856 0.023436679747723482 0.536788218175523
vn 0.37992819659091526 0.7324469707525747 0.5649566359204502
vn -0.37992819659091526 -0.7324469707525747 -0.5649566359204502
usemtl m_ccf6ad12-564d-3a74-dd0c-ad7c529d1cee
f 52/148/37 55/147/37 53/146/37 50/145/37
f 51/152/38 52/151/38 50/150/38 49/149/38
f 56/156/39 51/155/39 49/154/39 54/153/39
f 55/160/40 56/159/40 54/158/40 53/157/40
f 54/164/41 49/163/41 50/162/41 53/161/41
f 55/168/42 52/167/42 51/166/42 56/165/42
o cube
v 0.6571461011347597 1.8075790094074415 0.47200410555431976
v 0.6168486305087482 1.8048198930442774 0.4088099512515665
v 0.6571461011347597 1.492254414470667 0.48577147469150395
v 0.6168486305087482 1.489495298107503 0.42257732038875073
v 0.5535942720727818 1.8065776440253567 0.4490690676147307
v 0.5938917426987933 1.8093367603885209 0.512263221917484
v 0.5535942720727818 1.491253049088582 0.46283643675191494
v 0.5938917426987933 1.4940121654517462 0.5260305910546681
vt 0.3203125 0.3984375
vt 0.3125 0.3984375
vt 0.3125 0.4375
vt 0.3203125 0.4375
vt 0.3046875 0.3984375
vt 0.3046875 0.4375
vt 0.3125 0.4375
vt 0.3125 0.3984375
vt 0.328125 0.4375
vt 0.3359375 0.4375
vt 0.3359375 0.3984375
vt 0.328125 0.3984375
vt 0.328125 0.4375
vt 0.328125 0.3984375
vt 0.3203125 0.3984375
vt 0.3203125 0.4375
vt 0.3203125 0.4375
vt 0.3125 0.4375
vt 0.3125 0.4453125
vt 0.3203125 0.4453125
vt 0.3203125 0.4375
vt 0.328125 0.4375
vt 0.328125 0.4453125
vt 0.3203125 0.4453125
vn -0.5372996083468238 -0.03678821817552307 -0.8425887240367154
vn 0.8433914458128857 -0.02343667974772344 -0.536788218175523
vn 0.5372996083468238 0.03678821817552307 0.8425887240367154
vn -0.8433914458128857 0.02343667974772344 0.536788218175523
vn -3.469446951953615e-18 0.9990482215818578 -0.04361938736533603
vn 3.469446951953615e-18 -0.9990482215818578 0.04361938736533603
usemtl m_ccf6ad12-564d-3a74-dd0c-ad7c529d1cee
f 60/172/43 63/171/43 61/170/43 58/169/43
f 59/176/44 60/175/44 58/174/44 57/173/44
f 64/180/45 59/179/45 57/178/45 62/177/45
f 63/184/46 64/183/46 62/182/46 61/181/46
f 62/188/47 57/187/47 58/186/47 61/185/47
f 63/192/48 60/191/48 59/190/48 64/189/48
o cube
v 0.7739148352085035 1.923780778291115 0.6503954423430078
v 0.617238550181084 1.7923838547953206 0.40996555478564134
v 0.7893360095832969 1.8556116311179203 0.677601227657558
v 0.6326597245558774 1.7242147076221257 0.4371713401001916
v 0.5539841917451176 1.7941416057764 0.45022467114880554
v 0.7106604767725371 1.9255385292721945 0.690654558706172
v 0.569405366119911 1.725972458603205 0.4774304564633558
v 0.7260816511473305 1.8573693820989994 0.7178603440207223
vt 0.1015625 0.2734375
vt 0.109375 0.2734375
vt 0.109375 0.265625
vt 0.1015625 0.265625
vt 0.0625 0.2734375
vt 0.1015625 0.2734375
vt 0.1015625 0.265625
vt 0.0625 0.265625
vt 0.1484375 0.2734375
vt 0.15625 0.2734375
vt 0.15625 0.265625
vt 0.1484375 0.265625
vt 0.109375 0.2734375
vt 0.1484375 0.2734375
vt 0.1484375 0.265625
vt 0.109375 0.265625
vt 0.109375 0.2734375
vt 0.1015625 0.2734375
vt 0.1015625 0.3125
vt 0.109375 0.3125
vt 0.1171875 0.3125
vt 0.109375 0.3125
vt 0.109375 0.2734375
vt 0.1171875 0.2734375
vn -0.49640011097796105 -0.41630708434310953 -0.7617580595876929
vn 0.8433914458128857 -0.02343667974772343 -0.536788218175523
vn 0.49640011097796105 0.41630708434310953 0.7617580595876929
vn -0.8433914458128857 0.02343667974772343 0.536788218175523
vn -0.20561565833058096 0.9089219623092744 -0.362743804194007
vn 0.20561565833058096 -0.9089219623092744 0.362743804194007
usemtl m_ccf6ad12-564d-3a74-dd0c-ad7c529d1cee
f 68/196/49 71/195/49 69/194/49 66/193/49
f 67/200/50 68/199/50 66/198/50 65/197/50
f 72/204/51 67/203/51 65/202/51 70/201/51
f 71/208/52 72/207/52 70/206/52 69/205/52
f 70/212/53 65/211/53 66/210/53 69/209/53
f 71/216/54 68/215/54 67/214/54 72/213/54
o cube
v 0.8074960607301798 1.9479342217741888 0.7021030634966856
v 0.7594072999791892 1.9076044729784494 0.628307751474127
v 0.8152066479175766 1.9138496481875913 0.7157059561539607
v 0.767117887166586 1.873519899391852 0.6419106441314022
v 0.6961529415432228 1.9093622239595287 0.6685668678372911
v 0.7442417022942134 1.949691972755268 0.7423621798598499
v 0.7038635287306196 1.8752776503729314 0.6821697604945663
v 0.7519522894816102 1.9156073991686706 0.755965072517125
vt 0.3828125 0.7890625
vt 0.390625 0.7890625
vt 0.390625 0.7890625
vt 0.3828125 0.7890625
vt 0.375 0.7890625
vt 0.3828125 0.7890625
vt 0.3828125 0.7890625
vt 0.375 0.7890625
vt 0.3984375 0.7890625
vt 0.40625 0.7890625
vt 0.40625 0.7890625
vt 0.3984375 0.7890625
vt 0.390625 0.7890625
vt 0.3984375 0.7890625
vt 0.3984375 0.7890625
vt 0.390625 0.7890625
vt 0.390625 0.7890625
vt 0.3828125 0.7890625
vt 0.3828125 0.796875
vt 0.390625 0.796875
vt 0.3984375 0.796875
vt 0.390625 0.796875
vt 0.390625 0.7890625
vt 0.3984375 0.7890625
vn -0.49640011097796105 -0.41630708434310953 -0.7617580595876929
vn 0.8433914458128857 -0.02343667974772343 -0.536788218175523
vn 0.49640011097796105 0.41630708434310953 0.7617580595876929
vn -0.8433914458128857 0.02343667974772343 0.536788218175523
vn -0.20561565833058096 0.9089219623092744 -0.362743804194007
vn 0.20561565833058096 -0.9089219623092744 0.362743804194007
usemtl m_ccf6ad12-564d-3a74-dd0c-ad7c529d1cee
f 76/220/55 79/219/55 77/218/55 74/217/55
f 75/224/56 76/223/56 74/222/56 73/221/56
f 80/228/57 75/227/57 73/226/57 78/225/57
f 79/232/58 80/231/58 78/230/58 77/229/58
f 78/236/59 73/235/59 74/234/59 77/233/59
f 79/240/60 76/239/60 75/238/60 80/237/60
o cube
v 0.5558262618279992 1.801973022579529 0.31305706246440734
v 0.5035861347967487 1.7012615641010507 0.235375525025346
v 0.5807590497292785 1.7573204224322239 0.35418055955007427
v 0.528518922698028 1.6566089639537454 0.27649902211101296
v 0.4403317763607824 1.7030193150821298 0.2756346413885102
v 0.4925719033920329 1.8037307735606083 0.3533161788275715
v 0.46526456426206164 1.6583667149348247 0.3167581384741771
v 0.5175046912933121 1.759078173413303 0.3944396759132385
vt 0.2578125 0.28125
vt 0.25 0.28125
vt 0.25 0.2890625
vt 0.2578125 0.2890625
vt 0.234375 0.28125
vt 0.234375 0.2890625
vt 0.25 0.2890625
vt 0.25 0.28125
vt 0.2734375 0.2890625
vt 0.28125 0.2890625
vt 0.28125 0.28125
vt 0.2734375 0.28125
vt 0.2734375 0.2890625
vt 0.2734375 0.28125
vt 0.2578125 0.28125
vt 0.2578125 0.2890625
vt 0.2578125 0.2890625
vt 0.25 0.2890625
vt 0.25 0.3046875
vt 0.2578125 0.3046875
vt 0.2578125 0.2890625
vt 0.265625 0.2890625
vt 0.265625 0.3046875
vt 0.2578125 0.3046875
vn -0.37992819659091515 -0.7324469707525747 -0.56495663592045
vn 0.8433914458128856 -0.023436679747723427 -0.536788218175523
vn 0.37992819659091515 0.7324469707525747 0.56495663592045
vn -0.8433914458128856 0.023436679747723427 0.536788218175523
vn -0.37992819659091526 0.6804205736732095 -0.6266437651149138
vn 0.37992819659091526 -0.6804205736732095 0.6266437651149138
usemtl m_ccf6ad12-564d-3a74-dd0c-ad7c529d1cee
f 84/244/61 87/243/61 85/242/61 82/241/61
f 83/248/62 84/247/62 82/246/62 81/245/62
f 88/252/63 83/251/63 81/250/63 86/249/63
f 87/256/64 88/255/64 86/254/64 85/253/64
f 86/260/65 81/259/65 82/258/65 85/257/65
f 87/264/66 84/263/66 83/262/66 88/261/66
o cube
v 0.6235648756130833 1.8052797457714713 0.419342310302025
v 0.5496861794653953 1.800221365772337 0.3034863607469771
v 0.6235648756130833 1.6772766923812952 0.4249310443082087
v 0.5496861794653953 1.6722183123821608 0.30907509475316075
v 0.4864318210294289 1.8019791167534163 0.34374547711014125
v 0.5603105171771169 1.8070374967525507 0.4596014266651892
v 0.4864318210294289 1.6739760633632401 0.34933421111632496
v 0.5603105171771169 1.6790344433623745 0.4651901606713729
vt 0.7109375 0.6875
vt 0.703125 0.6875
vt 0.703125 0.703125
vt 0.7109375 0.703125
vt 0.6875 0.6875
vt 0.6875 0.703125
vt 0.703125 0.703125
vt 0.703125 0.6875
vt 0.7265625 0.703125
vt 0.734375 0.703125
vt 0.734375 0.6875
vt 0.7265625 0.6875
vt 0.7265625 0.703125
vt 0.7265625 0.6875
vt 0.7109375 0.6875
vt 0.7109375 0.703125
vt 0.7109375 0.703125
vt 0.703125 0.703125
vt 0.703125 0.71875
vt 0.7109375 0.71875
vt 0.7109375 0.703125
vt 0.71875 0.703125
vt 0.71875 0.71875
vt 0.7109375 0.71875
vn -0.5372996083468238 -0.03678821817552307 -0.8425887240367154
vn 0.8433914458128857 -0.02343667974772344 -0.536788218175523
vn 0.5372996083468238 0.03678821817552307 0.8425887240367154
vn -0.8433914458128857 0.02343667974772344 0.536788218175523
vn -3.469446951953615e-18 0.9990482215818578 -0.04361938736533603
vn 3.469446951953615e-18 -0.9990482215818578 0.04361938736533603
usemtl m_ccf6ad12-564d-3a74-dd0c-ad7c529d1cee
f 92/268/67 95/267/67 93/266/67 90/265/67
f 91/272/68 92/271/68 90/270/68 89/269/68
f 96/276/69 91/275/69 89/274/69 94/273/69
f 95/280/70 96/279/70 94/278/70 93/277/70
f 94/284/71 89/283/71 90/282/71 93/281/71
f 95/288/72 92/287/72 91/286/72 96/285/72
o cube
v 0.8855394070016909 1.8298905725630115 0.9113804620071112
v 0.6152105415521945 1.8113815002934512 0.4874530102261379
v 0.8855394070016909 1.380318872851176 0.9310091863215124
v 0.6152105415521945 1.361809800581616 0.5070817345405391
v 0.6152105415521945 1.8113815002934512 0.4874530102261379
v 0.8855394070016909 1.8298905725630115 0.9113804620071112
v 0.6152105415521945 1.361809800581616 0.5070817345405391
v 0.8855394070016909 1.380318872851176 0.9310091863215124
vt 0.828125 1
vt 0.828125 1
vt 0.828125 0.9453125
vt 0.828125 0.9453125
vt 0.765625 1
vt 0.828125 1
vt 0.828125 0.9453125
vt 0.765625 0.9453125
vt 0.890625 1
vt 0.890625 1
vt 0.890625 0.9453125
vt 0.890625 0.9453125
vt 0.828125 1
vt 0.890625 1
vt 0.890625 0.9453125
vt 0.828125 0.9453125
vt 0.828125 1
vt 0.828125 1
vt 0.828125 1.0625
vt 0.828125 1.0625
vt 0.828125 1.0625
vt 0.828125 1.0625
vt 0.828125 1
vt 0.828125 1
vn -0.5372996083468238 -0.03678821817552307 -0.8425887240367154
vn 0.8433914458128857 -0.02343667974772344 -0.536788218175523
vn 0.5372996083468238 0.03678821817552307 0.8425887240367154
vn -0.8433914458128857 0.02343667974772344 0.536788218175523
vn -3.469446951953615e-18 0.9990482215818578 -0.04361938736533603
vn 3.469446951953615e-18 -0.9990482215818578 0.04361938736533603
usemtl m_ccf6ad12-564d-3a74-dd0c-ad7c529d1cee
f 100/292/73 103/291/73 101/290/73 98/289/73
f 99/296/74 100/295/74 98/294/74 97/293/74
f 104/300/75 99/299/75 97/298/75 102/297/75
f 103/304/76 104/303/76 102/302/76 101/301/76
f 102/308/77 97/307/77 98/306/77 101/305/77
f 103/312/78 100/311/78 99/310/78 104/309/78
o cube
v -0.5337471899153481 1.343955314493407 0.3130741364327482
v -0.22887685099285968 1.3403920571597472 0.2314621258738729
v -0.5337471899153481 1.2690266978747684 0.3163455904851484
v -0.22887685099285968 1.2654634405411085 0.23473357992627308
v -0.2482882793755487 1.3372320752010156 0.15908663995381694
v -0.553158618298037 1.3407953325346758 0.24069865051269224
v -0.2482882793755487 1.2623034585823771 0.16235809400621712
v -0.553158618298037 1.265866715916037 0.2439701045650924
vt 0.7265625 0.6328125
vt 0.71875 0.6328125
vt 0.71875 0.625
vt 0.7265625 0.625
vt 0.765625 0.6328125
vt 0.7265625 0.6328125
vt 0.7265625 0.625
vt 0.765625 0.625
vt 0.7734375 0.6328125
vt 0.765625 0.6328125
vt 0.765625 0.625
vt 0.7734375 0.625
vt 0.71875 0.6328125
vt 0.6796875 0.6328125
vt 0.6796875 0.625
vt 0.71875 0.625
vt 0.71875 0.6328125
vt 0.7265625 0.6328125
vt 0.7265625 0.671875
vt 0.71875 0.671875
vt 0.7265625 0.671875
vt 0.734375 0.671875
vt 0.734375 0.6328125
vt 0.7265625 0.6328125
vn 0.9659258262890682 -0.011289528185853227 -0.258572706721188
vn 0.2588190451025208 0.04213309278308514 0.9650064789340802
vn -0.9659258262890682 0.011289528185853227 0.258572706721188
vn -0.2588190451025208 -0.04213309278308514 -0.9650064789340802
vn 3.469446951953615e-18 0.9990482215818578 -0.04361938736533602
vn -3.469446951953615e-18 -0.9990482215818578 0.04361938736533602
usemtl m_ccf6ad12-564d-3a74-dd0c-ad7c529d1cee
f 108/316/79 111/315/79 109/314/79 106/313/79
f 107/320/80 108/319/80 106/318/80 105/317/80
f 112/324/81 107/323/81 105/322/81 110/321/81
f 111/328/82 112/327/82 110/326/82 109/325/82
f 110/332/83 105/331/83 106/330/83 109/329/83
f 111/336/84 108/335/84 107/334/84 112/333/84
o cube
v -0.547814880544054 1.328837616113636 0.25339173743619475
v -0.23388898700010752 1.3251685194532337 0.16935560775180886
v -0.547814880544054 0.8261914796302631 0.27533774170437947
v -0.23388898700010752 0.8225223829698608 0.19130161201999357
v -0.23388898700010752 1.3251685194532337 0.16935560775180886
v -0.547814880544054 1.328837616113636 0.25339173743619475
v -0.23388898700010752 0.8225223829698608 0.19130161201999357
v -0.547814880544054 0.8261914796302631 0.27533774170437947
vt 0.390625 0.28125
vt 0.390625 0.28125
vt 0.390625 0.34375
vt 0.390625 0.34375
vt 0.4296875 0.28125
vt 0.4296875 0.34375
vt 0.390625 0.34375
vt 0.390625 0.28125
vt 0.4296875 0.34375
vt 0.4296875 0.34375
vt 0.4296875 0.28125
vt 0.4296875 0.28125
vt 0.3515625 0.34375
vt 0.3515625 0.28125
vt 0.390625 0.28125
vt 0.390625 0.34375
vt 0.390625 0.3828125
vt 0.390625 0.3828125
vt 0.390625 0.34375
vt 0.390625 0.34375
vt 0.390625 0.3828125
vt 0.390625 0.3828125
vt 0.390625 0.34375
vt 0.390625 0.34375
vn 0.9659258262890682 -0.011289528185853227 -0.258572706721188
vn 0.2588190451025208 0.04213309278308514 0.9650064789340802
vn -0.9659258262890682 0.011289528185853227 0.258572706721188
vn -0.2588190451025208 -0.04213309278308514 -0.9650064789340802
vn 3.469446951953615e-18 0.9990482215818578 -0.04361938736533602
vn -3.469446951953615e-18 -0.9990482215818578 0.04361938736533602
usemtl m_ccf6ad12-564d-3a74-dd0c-ad7c529d1cee
f 116/340/85 119/339/85 117/338/85 114/337/85
f 115/344/86 116/343/86 114/342/86 113/341/86
f 120/348/87 115/347/87 113/346/87 118/345/87
f 119/352/88 120/351/88 118/350/88 117/349/88
f 118/356/89 113/355/89 114/354/89 117/353/89
f 119/360/90 116/359/90 115/358/90 120/357/90
o cube
v -0.6152501827235255 1.5632010110565004 0.4246782391065763
v -0.46447156982373017 1.3330554567719248 0.27002386846009296
v -0.6510787640066447 1.5119239977278323 0.46605432721710716
v -0.5003001511068494 1.2817784434432569 0.31139995657062375
v -0.5197673700844895 1.3308452944494586 0.21940282880235218
v -0.6705459829842848 1.5609908487340343 0.37405719944883564
v -0.5555959513676086 1.2795682811207907 0.260778916912883
v -0.706374564267404 1.5097138354053663 0.41543328755936637
vt 0.484375 0.28125
vt 0.4765625 0.28125
vt 0.4765625 0.2734375
vt 0.484375 0.2734375
vt 0.5234375 0.28125
vt 0.484375 0.28125
vt 0.484375 0.2734375
vt 0.5234375 0.2734375
vt 0.53125 0.28125
vt 0.5234375 0.28125
vt 0.5234375 0.2734375
vt 0.53125 0.2734375
vt 0.4765625 0.28125
vt 0.4375 0.28125
vt 0.4375 0.2734375
vt 0.4765625 0.2734375
vt 0.4765625 0.28125
vt 0.484375 0.28125
vt 0.484375 0.3203125
vt 0.4765625 0.3203125
vt 0.484375 0.3203125
vt 0.4921875 0.3203125
vt 0.4921875 0.28125
vt 0.484375 0.28125
vn 0.47771441710826085 -0.7291740333768703 -0.4899940456126191
vn 0.7372773368101241 0.029468830966215227 0.6749471954365434
vn -0.47771441710826085 0.7291740333768703 0.4899940456126191
vn -0.7372773368101241 -0.029468830966215227 -0.6749471954365434
vn 0.47771441710826096 0.6836935110489138 -0.551681174807083
vn -0.47771441710826096 -0.6836935110489138 0.551681174807083
usemtl m_ccf6ad12-564d-3a74-dd0c-ad7c529d1cee
f 124/364/91 127/363/91 125/362/91 122/361/91
f 123/368/92 124/367/92 122/366/92 121/365/92
f 128/372/93 123/371/93 121/370/93 126/369/93
f 127/376/94 128/375/94 126/374/94 125/373/94
f 126/380/95 121/379/95 122/378/95 125/377/95
f 127/384/96 124/383/96 123/382/96 128/381/96
o cube
v -0.9587497456448111 1.2555538359249308 0.7670316070582437
v -0.718399679537217 1.5995371336714164 0.4894670159834296
v -0.7139211068768276 0.881852143819285 0.5159096586817767
v -0.4735710407692334 1.2258354415657706 0.23834506760696256
v -0.718399679537217 1.5995371336714164 0.4894670159834296
v -0.9587497456448111 1.2555538359249308 0.7670316070582437
v -0.4735710407692334 1.2258354415657706 0.23834506760696256
v -0.7139211068768276 0.881852143819285 0.5159096586817767
vt 0.5859375 0.4765625
vt 0.5859375 0.4765625
vt 0.5859375 0.4140625
vt 0.5859375 0.4140625
vt 0.6484375 0.4765625
vt 0.5859375 0.4765625
vt 0.5859375 0.4140625
vt 0.6484375 0.4140625
vt 0.6484375 0.4765625
vt 0.6484375 0.4765625
vt 0.6484375 0.4140625
vt 0.6484375 0.4140625
vt 0.5859375 0.4765625
vt 0.5234375 0.4765625
vt 0.5234375 0.4140625
vt 0.5859375 0.4140625
vt 0.5859375 0.4765625
vt 0.5859375 0.4765625
vt 0.5859375 0.5390625
vt 0.5859375 0.5390625
vt 0.5859375 0.5390625
vt 0.5859375 0.5390625
vt 0.5859375 0.4765625
vt 0.5859375 0.4765625
vn 0.4777144171082609 0.683693511048914 -0.5516811748070829
vn 0.7372773368101241 0.02946883096621534 0.6749471954365434
vn -0.4777144171082609 -0.683693511048914 0.5516811748070829
vn -0.7372773368101241 -0.02946883096621534 -0.6749471954365434
vn -0.47771441710826096 0.7291740333768703 0.4899940456126191
vn 0.47771441710826096 -0.7291740333768703 -0.4899940456126191
usemtl m_ccf6ad12-564d-3a74-dd0c-ad7c529d1cee
f 132/388/97 135/387/97 133/386/97 130/385/97
f 131/392/98 132/391/98 130/390/98 129/389/98
f 136/396/99 131/395/99 129/394/99 134/393/99
f 135/400/100 136/399/100 134/398/100 133/397/100
f 134/404/101 129/403/101 130/402/101 133/401/101
f 135/408/102 132/407/102 131/406/102 136/405/102
o cube
v -0.8231179598324809 1.9459251732675635 0.6560882875255093
v -0.7655879354369219 1.9058973849551795 0.5892090076186085
v -0.8323423661608533 1.9117921831154798 0.6685822585182244
v -0.7748123417652942 1.8717643948030958 0.6017029786113237
v -0.8230412686708453 1.903794534824638 0.5410458212451943
v -0.8805712930664042 1.943822323137022 0.607925101152095
v -0.8322656749992176 1.869661544672554 0.5535397922379094
v -0.8897956993947767 1.909689332984938 0.6204190721448102
vt 0.390625 0.7890625
vt 0.3828125 0.7890625
vt 0.3828125 0.7890625
vt 0.390625 0.7890625
vt 0.3984375 0.7890625
vt 0.390625 0.7890625
vt 0.390625 0.7890625
vt 0.3984375 0.7890625
vt 0.40625 0.7890625
vt 0.3984375 0.7890625
vt 0.3984375 0.7890625
vt 0.40625 0.7890625
vt 0.3828125 0.7890625
vt 0.375 0.7890625
vt 0.375 0.7890625
vt 0.3828125 0.7890625
vt 0.3828125 0.7890625
vt 0.390625 0.7890625
vt 0.390625 0.796875
vt 0.3828125 0.796875
vt 0.390625 0.796875
vt 0.3984375 0.796875
vt 0.3984375 0.7890625
vt 0.390625 0.7890625
vn 0.5938583163412473 -0.4131900729020239 -0.6903667603292899
vn 0.7660444431189782 0.028038001740555575 0.6421758183121904
vn -0.5938583163412473 0.4131900729020239 0.6903667603292899
vn -0.7660444431189782 -0.028038001740555575 -0.6421758183121904
vn 0.2459841687565965 0.9102130707222441 -0.3331725598057402
vn -0.2459841687565965 -0.9102130707222441 0.3331725598057402
usemtl m_ccf6ad12-564d-3a74-dd0c-ad7c529d1cee
f 140/412/103 143/411/103 141/410/103 138/409/103
f 139/416/104 140/415/104 138/414/104 137/413/104
f 144/420/105 139/419/105 137/418/105 142/417/105
f 143/424/106 144/423/106 142/422/106 141/421/106
f 142/428/107 137/427/107 138/426/107 141/425/107
f 143/432/108 140/431/108 139/430/108 144/429/108
o cube
v -0.5220378437230293 1.8015442671171744 0.30323694787703037
v -0.45954141554312367 1.70116083651387 0.2330684839843015
v -0.5518656844452576 1.7567351082112637 0.3407746598610386
v -0.4893692562653521 1.6563516776079592 0.2706061959683097
v -0.516994748777047 1.6990579863833284 0.18490529761088725
v -0.5794911769569526 1.7994414169866328 0.25507376150361616
v -0.5468225894992754 1.6542488274774174 0.22244300959489546
v -0.609319017679181 1.754632258080722 0.2926114734876244
vt 0.25 0.28125
vt 0.2578125 0.28125
vt 0.2578125 0.2890625
vt 0.25 0.2890625
vt 0.2578125 0.2890625
vt 0.2578125 0.28125
vt 0.2734375 0.28125
vt 0.2734375 0.2890625
vt 0.28125 0.2890625
vt 0.2734375 0.2890625
vt 0.2734375 0.28125
vt 0.28125 0.28125
vt 0.25 0.28125
vt 0.25 0.2890625
vt 0.234375 0.2890625
vt 0.234375 0.28125
vt 0.25 0.2890625
vt 0.2578125 0.2890625
vt 0.2578125 0.3046875
vt 0.25 0.3046875
vt 0.265625 0.2890625
vt 0.2578125 0.2890625
vt 0.2578125 0.3046875
vt 0.265625 0.3046875
vn 0.45451947767204365 -0.730061313478583 -0.5103161010380322
vn 0.7660444431189781 0.028038001740555575 0.6421758183121905
vn -0.45451947767204365 0.730061313478583 0.5103161010380322
vn -0.7660444431189781 -0.028038001740555575 -0.6421758183121905
vn 0.4545194776720438 0.6828062309472014 -0.572003230232496
vn -0.4545194776720438 -0.6828062309472014 0.572003230232496
usemtl m_ccf6ad12-564d-3a74-dd0c-ad7c529d1cee
f 148/436/109 151/435/109 149/434/109 146/433/109
f 147/440/110 148/439/110 146/438/110 145/437/110
f 152/444/111 147/443/111 145/442/111 150/441/111
f 151/448/112 152/447/112 150/446/112 149/445/112
f 150/452/113 145/451/113 146/450/113 149/449/113
f 151/456/114 148/455/114 147/454/114 152/453/114
o cube
v -0.6432498012790779 1.806514043172076 0.4476123685825083
v -0.5950407305525878 1.8040079639743158 0.39021371819120776
v -0.6432498012790779 1.4911894482353016 0.46137973771969254
v -0.5950407305525878 1.4886833690375414 0.40398108732839194
v -0.6524940637865111 1.8019051138437743 0.3420505318177935
v -0.7007031345130013 1.8044111930415343 0.3994491822090941
v -0.6524940637865111 1.4865805189069996 0.3558179009549777
v -0.7007031345130013 1.4890865981047599 0.4132165513462783
vt 0.3125 0.3984375
vt 0.3203125 0.3984375
vt 0.3203125 0.4375
vt 0.3125 0.4375
vt 0.3203125 0.4375
vt 0.3203125 0.3984375
vt 0.328125 0.3984375
vt 0.328125 0.4375
vt 0.3359375 0.4375
vt 0.328125 0.4375
vt 0.328125 0.3984375
vt 0.3359375 0.3984375
vt 0.3125 0.3984375
vt 0.3125 0.4375
vt 0.3046875 0.4375
vt 0.3046875 0.3984375
vt 0.3125 0.4375
vt 0.3203125 0.4375
vt 0.3203125 0.4453125
vt 0.3125 0.4453125
vt 0.328125 0.4375
vt 0.3203125 0.4375
vt 0.3203125 0.4453125
vt 0.328125 0.4453125
vn 0.6427876096865393 -0.03341438930346982 -0.7653153385506797
vn 0.7660444431189782 0.02803800174055558 0.6421758183121904
vn -0.6427876096865393 0.03341438930346982 0.7653153385506797
vn -0.7660444431189782 -0.02803800174055558 -0.6421758183121904
vn 6.93889390390723e-18 0.9990482215818579 -0.04361938736533603
vn -6.93889390390723e-18 -0.9990482215818579 0.04361938736533603
usemtl m_ccf6ad12-564d-3a74-dd0c-ad7c529d1cee
f 156/460/115 159/459/115 157/458/115 154/457/115
f 155/464/116 156/463/116 154/462/116 153/461/116
f 160/468/117 155/467/117 153/466/117 158/465/117
f 159/472/118 160/471/118 158/470/118 157/469/118
f 158/476/119 153/475/119 154/474/119 157/473/119
f 159/480/120 156/479/120 155/478/120 160/477/120
o cube
v -0.6030755756736692 1.8044256438406092 0.3997801599230908
v -0.5146922793417703 1.799831165311382 0.29454930087237274
v -0.6030755756736692 1.676422590450433 0.40536889392927455
v -0.5146922793417703 1.671828111921206 0.30013803487855645
v -0.5721456125756937 1.7977283151808405 0.24638611449895853
v -0.6605289089075925 1.8023227937100676 0.3516169735496766
v -0.5721456125756937 1.6697252617906642 0.2519748485051422
v -0.6605289089075925 1.6743197403198913 0.3572057075558603
vt 0.703125 0.6875
vt 0.7109375 0.6875
vt 0.7109375 0.703125
vt 0.703125 0.703125
vt 0.7109375 0.703125
vt 0.7109375 0.6875
vt 0.7265625 0.6875
vt 0.7265625 0.703125
vt 0.734375 0.703125
vt 0.7265625 0.703125
vt 0.7265625 0.6875
vt 0.734375 0.6875
vt 0.703125 0.6875
vt 0.703125 0.703125
vt 0.6875 0.703125
vt 0.6875 0.6875
vt 0.703125 0.703125
vt 0.7109375 0.703125
vt 0.7109375 0.71875
vt 0.703125 0.71875
vt 0.71875 0.703125
vt 0.7109375 0.703125
vt 0.7109375 0.71875
vt 0.71875 0.71875
vn 0.6427876096865393 -0.03341438930346982 -0.7653153385506797
vn 0.7660444431189782 0.02803800174055558 0.6421758183121904
vn -0.6427876096865393 0.03341438930346982 0.7653153385506797
vn -0.7660444431189782 -0.02803800174055558 -0.6421758183121904
vn 6.93889390390723e-18 0.9990482215818579 -0.04361938736533603
vn -6.93889390390723e-18 -0.9990482215818579 0.04361938736533603
usemtl m_ccf6ad12-564d-3a74-dd0c-ad7c529d1cee
f 164/484/121 167/483/121 165/482/121 162/481/121
f 163/488/122 164/487/122 162/486/122 161/485/122
f 168/492/123 163/491/123 161/490/123 166/489/123
f 167/496/124 168/495/124 166/494/124 165/493/124
f 166/500/125 161/499/125 162/498/125 165/497/125
f 167/504/126 164/503/126 163/502/126 168/501/126
o cube
v -0.7829437342270724 1.921982594088993 0.6092102529647087
v -0.5955072031318654 1.7915694773292912 0.3913132442357758
v -0.8013925468838169 1.8537166137848253 0.634198194950139
v -0.61395601578861 1.7233034970251235 0.41630118622120604
v -0.6529605363657889 1.7894666271987496 0.3431500578623615
v -0.8403970674609957 1.9198797439584514 0.5610470665912944
v -0.6714093490225334 1.721200646894582 0.36813799984779183
v -0.8588458801177402 1.8516137636542838 0.5860350085767247
vt 0.109375 0.2734375
vt 0.1015625 0.2734375
vt 0.1015625 0.265625
vt 0.109375 0.265625
vt 0.1484375 0.2734375
vt 0.109375 0.2734375
vt 0.109375 0.265625
vt 0.1484375 0.265625
vt 0.15625 0.2734375
vt 0.1484375 0.2734375
vt 0.1484375 0.265625
vt 0.15625 0.265625
vt 0.1015625 0.2734375
vt 0.0625 0.2734375
vt 0.0625 0.265625
vt 0.1015625 0.265625
vt 0.1015625 0.2734375
vt 0.109375 0.2734375
vt 0.109375 0.3125
vt 0.1015625 0.3125
vt 0.109375 0.3125
vt 0.1171875 0.3125
vt 0.1171875 0.2734375
vt 0.109375 0.2734375
vn 0.5938583163412473 -0.4131900729020239 -0.6903667603292899
vn 0.7660444431189782 0.028038001740555575 0.6421758183121904
vn -0.5938583163412473 0.4131900729020239 0.6903667603292899
vn -0.7660444431189782 -0.028038001740555575 -0.6421758183121904
vn 0.2459841687565965 0.9102130707222441 -0.3331725598057402
vn -0.2459841687565965 -0.9102130707222441 0.3331725598057402
usemtl m_ccf6ad12-564d-3a74-dd0c-ad7c529d1cee
f 172/508/127 175/507/127 173/506/127 170/505/127
f 171/512/128 172/511/128 170/510/128 169/509/128
f 176/516/129 171/515/129 169/514/129 174/513/129
f 175/520/130 176/519/130 174/518/130 173/517/130
f 174/524/131 169/523/131 170/522/131 173/521/131
f 175/528/132 172/527/132 171/526/132 176/525/132
o cube
v -0.9845650724092754 1.8252582360287142 0.8052825120841345
v -0.6611625562857346 1.808446621410406 0.42023323237582294
v -0.9845650724092754 1.375686536316879 0.8249112363985356
v -0.6611625562857346 1.3588749216985707 0.4398619566902241
v -0.6611625562857346 1.808446621410406 0.42023323237582294
v -0.9845650724092754 1.8252582360287142 0.8052825120841345
v -0.6611625562857346 1.3588749216985707 0.4398619566902241
v -0.9845650724092754 1.375686536316879 0.8249112363985356
vt 0.828125 1
vt 0.828125 1
vt 0.828125 0.9453125
vt 0.828125 0.9453125
vt 0.890625 1
vt 0.828125 1
vt 0.828125 0.9453125
vt 0.890625 0.9453125
vt 0.890625 1
vt 0.890625 1
vt 0.890625 0.9453125
vt 0.890625 0.9453125
vt 0.828125 1
vt 0.765625 1
vt 0.765625 0.9453125
vt 0.828125 0.9453125
vt 0.828125 1
vt 0.828125 1
vt 0.828125 1.0625
vt 0.828125 1.0625
vt 0.828125 1.0625
vt 0.828125 1.0625
vt 0.828125 1
vt 0.828125 1
vn 0.6427876096865393 -0.03341438930346982 -0.7653153385506797
vn 0.7660444431189782 0.02803800174055558 0.6421758183121904
vn -0.6427876096865393 0.03341438930346982 0.7653153385506797
vn -0.7660444431189782 -0.02803800174055558 -0.6421758183121904
vn 6.93889390390723e-18 0.9990482215818579 -0.04361938736533603
vn -6.93889390390723e-18 -0.9990482215818579 0.04361938736533603
usemtl m_ccf6ad12-564d-3a74-dd0c-ad7c529d1cee
f 180/532/133 183/531/133 181/530/133 178/529/133
f 179/536/134 180/535/134 178/534/134 177/533/134
f 184/540/135 179/539/135 177/538/135 182/537/135
f 183/544/136 184/543/136 182/542/136 181/541/136
f 182/548/137 177/547/137 178/546/137 181/545/137
f 183/552/138 180/551/138 179/550/138 184/549/138
o cube
v 0.21875 1.5757526674911626 0.04600397133919165
v 0.21875 1.3908571779796066 -0.3505056854893428
v 0.21875 1.1792430106626282 0.23089946085074767
v 0.21875 0.9943475211510722 -0.1656101959777868
v -0.21875 1.3908571779796066 -0.3505056854893428
v -0.21875 1.5757526674911626 0.04600397133919165
v -0.21875 0.9943475211510722 -0.1656101959777868
v -0.21875 1.1792430106626282 0.23089946085074767
vt 0.328125 0.578125
vt 0.3828125 0.578125
vt 0.3828125 0.5234375
vt 0.328125 0.5234375
vt 0.2734375 0.578125
vt 0.328125 0.578125
vt 0.328125 0.5234375
vt 0.2734375 0.5234375
vt 0.4375 0.578125
vt 0.4921875 0.578125
vt 0.4921875 0.5234375
vt 0.4375 0.5234375
vt 0.3828125 0.578125
vt 0.4375 0.578125
vt 0.4375 0.5234375
vt 0.3828125 0.5234375
vt 0.3828125 0.578125
vt 0.328125 0.578125
vt 0.328125 0.6328125
vt 0.3828125 0.6328125
vt 0.4375 0.6328125
vt 0.3828125 0.6328125
vt 0.3828125 0.578125
vt 0.4375 0.578125
vn 0 -0.4226182617406994 -0.9063077870366499
vn 1 0 0
vn 0 0.4226182617406994 0.9063077870366499
vn -1 0 0
vn 0 0.9063077870366499 -0.4226182617406994
vn 0 -0.9063077870366499 0.4226182617406994
usemtl m_ccf6ad12-564d-3a74-dd0c-ad7c529d1cee
f 188/556/139 191/555/139 189/554/139 186/553/139
f 187/560/140 188/559/140 186/558/140 185/557/140
f 192/564/141 187/563/141 185/562/141 190/561/141
f 191/568/142 192/567/142 190/566/142 189/565/142
f 190/572/143 185/571/143 186/570/143 189/569/143
f 191/576/144 188/575/144 187/574/144 192/573/144
o cube
v 0.15625 1.7059913332569776 -0.19641495988350208
v 0.15625 1.4755921655038138 -0.40753689976339597
v 0.15625 1.5370937813530627 -0.012095625680971056
v 0.15625 1.3066946135998987 -0.22321756556086492
v -0.15625 1.4755921655038138 -0.40753689976339597
v -0.15625 1.7059913332569776 -0.19641495988350208
v -0.15625 1.3066946135998987 -0.22321756556086492
v -0.15625 1.5370937813530627 -0.012095625680971056
vt 0.171875 0.40625
vt 0.2109375 0.40625
vt 0.2109375 0.375
vt 0.171875 0.375
vt 0.1328125 0.40625
vt 0.171875 0.40625
vt 0.171875 0.375
vt 0.1328125 0.375
vt 0.25 0.40625
vt 0.2890625 0.40625
vt 0.2890625 0.375
vt 0.25 0.375
vt 0.2109375 0.40625
vt 0.25 0.40625
vt 0.25 0.375
vt 0.2109375 0.375
vt 0.2109375 0.40625
vt 0.171875 0.40625
vt 0.171875 0.4453125
vt 0.2109375 0.4453125
vt 0.25 0.4453125
