# Made in Blockbench 4.11.1
mtllib hand.mtl

o cube
v 0.3125 1.0768542920803563 0.25030768719275587
v 0.3125 1.1557895644502283 -0.00004301237865367291
v 0.3125 0.8682287091041818 0.18452829355119615
v 0.3125 0.9471639814740538 -0.06582240602021328
v -0.25 1.1557895644502283 -0.00004301237865367291
v -0.25 1.0768542920803563 0.25030768719275587
v -0.25 0.9471639814740538 -0.06582240602021328
v -0.25 0.8682287091041818 0.18452829355119615
vt 0.140625 0.7578125
vt 0.2109375 0.7578125
vt 0.2109375 0.7265625
vt 0.140625 0.7265625
vt 0.3515625 0.7578125
vt 0.3828125 0.7578125
vt 0.3828125 0.7265625
vt 0.3515625 0.7265625
vt 0.140625 0.71875
vt 0.2109375 0.71875
vt 0.2109375 0.6875
vt 0.140625 0.6875
vt 0.3515625 0.71875
vt 0.3828125 0.71875
vt 0.3828125 0.6875
vt 0.3515625 0.6875
vt 0.359375 0.84375
vt 0.2890625 0.84375
vt 0.2890625 0.875
vt 0.359375 0.875
vt 0.359375 0.8359375
vt 0.2890625 0.8359375
vt 0.2890625 0.8046875
vt 0.359375 0.8046875
vn 0 0.30070579950427306 -0.9537169507482269
vn 1 0 0
vn 0 -0.30070579950427306 0.9537169507482269
vn -1 0 0
vn 0 0.9537169507482269 0.30070579950427306
vn 0 -0.9537169507482269 -0.30070579950427306
usemtl m_999aec5a-ee7c-a245-f569-ba4b370f1dd0
f 4/4/1 7/3/1 5/2/1 2/1/1
f 3/8/2 4/7/2 2/6/2 1/5/2
f 8/12/3 3/11/3 1/10/3 6/9/3
f 7/16/4 8/15/4 6/14/4 5/13/4
f 6/20/5 1/19/5 2/18/5 5/17/5
f 7/24/6 4/23/6 3/22/6 8/21/6
o cube
v 0.25 3.284204151932533 0.9397291176042111
v 0.25 3.3593806018086014 0.7012998799171544
v 0.25 1.0191263939054942 0.22555284378156248
v 0.25 1.0943028437815623 -0.012876393905494221
v -0.1875 3.3593806018086014 0.7012998799171544
v -0.1875 3.284204151932533 0.9397291176042111
v -0.1875 1.0943028437815623 -0.012876393905494221
v -0.1875 1.0191263939054942 0.22555284378156248
vt 0.2265625 0.875
vt 0.28125 0.875
vt 0.28125 0.578125
vt 0.2265625 0.578125
vt 0.0625 0.7578125
vt 0.09375 0.7578125
vt 0.09375 0.4609375
vt 0.0625 0.4609375
vt 0 0.7578125
vt 0.0546875 0.7578125
vt 0.0546875 0.4609375
vt 0 0.4609375
vt 0.1015625 0.7578125
vt 0.1328125 0.7578125
vt 0.1328125 0.4609375
vt 0.1015625 0.4609375
vt 0.34375 0.765625
vt 0.2890625 0.765625
vt 0.2890625 0.796875
vt 0.34375 0.796875
vt 0.34375 0.7578125
vt 0.2890625 0.7578125
vt 0.2890625 0.7265625
vt 0.34375 0.7265625
vn 0 0.30070579950427306 -0.9537169507482269
vn 1 0 0
vn 0 -0.30070579950427306 0.9537169507482269
vn -1 0 0
vn 0 0.9537169507482269 0.30070579950427306
vn 0 -0.9537169507482269 -0.30070579950427306
usemtl m_999aec5a-ee7c-a245-f569-ba4b370f1dd0
f 12/28/7 15/27/7 13/26/7 10/25/7
f 11/32/8 12/31/8 10/30/8 9/29/8
f 16/36/9 11/35/9 9/34/9 14/33/9
f 15/40/10 16/39/10 14/38/10 13/37/10
f 14/44/11 9/43/11 10/42/11 13/41/11
f 15/48/12 12/47/12 11/46/12 16/45/12
o cube
v 0.4375 0.8843686650598346 -0.11241250950377613
v 0.4375 0.19752301272230754 -0.14240083831745276
v 0.4375 0.8734638182184975 0.13734954589168813
v 0.4375 0.18661816588097047 0.1073612170780115
v -0.375 0.19752301272230754 -0.14240083831745276
v -0.375 0.8843686650598346 -0.11241250950377613
v -0.375 0.18661816588097047 0.1073612170780115
v -0.375 0.8734638182184975 0.13734954589168813
vt 0.0859375 0.9140625
vt 0.1875 0.9140625
vt 0.1875 0.8828125
vt 0.0859375 0.8828125
vt 0 0.9140625
vt 0.0859375 0.9140625
vt 0.0859375 0.8828125
vt 0 0.8828125
vt 0.2734375 0.9140625
vt 0.375 0.9140625
vt 0.375 0.8828125
vt 0.2734375 0.8828125
vt 0.1875 0.9140625
vt 0.2734375 0.9140625
vt 0.2734375 0.8828125
vt 0.1875 0.8828125
vt 0.1875 0.9140625
vt 0.0859375 0.9140625
vt 0.0859375 1
vt 0.1875 1
vt 0.2890625 1
vt 0.1875 1
vt 0.1875 0.9140625
vt 0.2890625 0.9140625
vn 0 -0.9990482215818574 -0.043619387365347866
vn 1 0 0
vn 0 0.9990482215818574 0.043619387365347866
vn -1 0 0
vn 0 0.043619387365347866 -0.9990482215818574
vn 0 -0.043619387365347866 0.9990482215818574
usemtl m_999aec5a-ee7c-a245-f569-ba4b370f1dd0
f 20/52/13 23/51/13 21/50/13 18/49/13
f 19/56/14 20/55/14 18/54/14 17/53/14
f 24/60/15 19/59/15 17/58/15 22/57/15
f 23/64/16 24/63/16 22/62/16 21/61/16
f 22/68/17 17/67/17 18/66/17 21/65/17
f 23/72/18 20/71/18 19/70/18 24/69/18
o cube
v -0.14434573754703495 0.7957534228358543 -0.11628153453534507
v -0.3061076407361099 0.19262437350205408 -0.14261471752477717
v -0.14434573754703528 0.7848485759945187 0.1334805208601193
v -0.30610764073611024 0.18171952666071856 0.1071473378706872
v -0.547589097308377 0.2572675501823509 -0.13979233547831382
v -0.3858271941193021 0.8603965995161511 -0.11345915248888172
v -0.5475890973083773 0.2463627033410154 0.10996971991715054
v -0.38582719411930244 0.8494917526748154 0.13630290290658265
vt 0.078125 0.796875
vt 0.109375 0.796875
vt 0.109375 0.765625
vt 0.078125 0.765625
vt 0 0.796875
vt 0.078125 0.796875
vt 0.078125 0.765625
vt 0 0.765625
vt 0.1875 0.796875
vt 0.21875 0.796875
vt 0.21875 0.765625
vt 0.1875 0.765625
vt 0.109375 0.796875
vt 0.1875 0.796875
vt 0.1875 0.765625
vt 0.109375 0.765625
vt 0.109375 0.796875
vt 0.078125 0.796875
vt 0.078125 0.875
vt 0.109375 0.875
vt 0.140625 0.875
vt 0.109375 0.875
vt 0.109375 0.796875
vt 0.140625 0.796875
vn -0.2588190451025199 -0.9650064789340801 -0.042133092783091367
vn 0.9659258262890686 -0.2585727067211872 -0.011289528185853479
vn 0.2588190451025199 0.9650064789340801 0.042133092783091367
vn -0.9659258262890686 0.2585727067211872 0.011289528185853479
vn 1.3426759704060487e-15 0.043619387365342176 -0.9990482215818575
vn -1.3426759704060487e-15 -0.043619387365342176 0.9990482215818575
usemtl m_999aec5a-ee7c-a245-f569-ba4b370f1dd0
f 28/76/19 31/75/19 29/74/19 26/73/19
f 27/80/20 28/79/20 26/78/20 25/77/20
f 32/84/21 27/83/21 25/82/21 30/81/21
f 31/88/22 32/87/22 30/86/22 29/85/22
f 30/92/23 25/91/23 26/90/23 29/89/23
f 31/96/24 28/95/24 27/94/24 32/93/24
o cube
v 0.6875 0.5666509665270769 -0.1180836153214273
v 0.6875 0.5467685627127672 0.10917330018075222
v 0.6875 0.8156996410500135 -0.0962946796345126
v 0.6875 0.7958172372357037 0.13096223586766687
v 0.25 0.5467685627127672 0.10917330018075222
v 0.25 0.5666509665270769 -0.1180836153214273
v 0.25 0.7958172372357037 0.13096223586766687
v 0.25 0.8156996410500135 -0.0962946796345126
vt 0.2890625 0.71875
vt 0.34375 0.71875
vt 0.34375 0.6875
vt 0.2890625 0.6875
vt 0.3515625 0.6796875
vt 0.3828125 0.6796875
vt 0.3828125 0.6484375
vt 0.3515625 0.6484375
vt 0.140625 0.6796875
vt 0.1953125 0.6796875
vt 0.1953125 0.6484375
vt 0.140625 0.6484375
vt 0.140625 0.640625
vt 0.171875 0.640625
vt 0.171875 0.609375
vt 0.140625 0.609375
vt 0.34375 0.6484375
vt 0.2890625 0.6484375
vt 0.2890625 0.6796875
vt 0.34375 0.6796875
vt 0.40625 0.796875
vt 0.3515625 0.796875
vt 0.3515625 0.765625
vt 0.40625 0.765625
vn 0 -0.0871557427476588 0.9961946980917455
vn 1 0 0
vn 0 0.0871557427476588 -0.9961946980917455
vn -1 0 0
vn 0 -0.9961946980917455 -0.0871557427476588
vn 0 0.9961946980917455 0.0871557427476588
usemtl m_999aec5a-ee7c-a245-f569-ba4b370f1dd0
f 36/100/25 39/99/25 37/98/25 34/97/25
f 35/104/26 36/103/26 34/102/26 33/101/26
f 40/108/27 35/107/27 33/106/27 38/105/27
f 39/112/28 40/111/28 38/110/28 37/109/28
f 38/116/29 33/115/29 34/114/29 37/113/29
f 39/120/30 36/119/30 35/118/30 40/117/30
o cube
v 0.9333049517422629 0.6381087032877195 -0.10340003056592045
v 0.9333049517422629 0.6195881079538421 0.10829134277857533
v 0.88257691722552 0.8660573531457707 -0.08345710783730065
v 0.88257691722552 0.8475367578118933 0.1282342655071952
v 0.6892309499622795 0.5656841089883016 0.10357535395037742
v 0.6892309499622795 0.584204704322179 -0.10811601939411841
v 0.6385029154455366 0.7936327588463528 0.12351827667899729
v 0.6385029154455366 0.8121533541802302 -0.08817309666549861
vt 0.1796875 0.640625
vt 0.2109375 0.640625
vt 0.2109375 0.609375
vt 0.1796875 0.609375
vt 0.328125 0.640625
vt 0.3515625 0.640625
vt 0.3515625 0.609375
vt 0.328125 0.609375
vt 0.2890625 0.640625
vt 0.3203125 0.640625
vt 0.3203125 0.609375
vt 0.2890625 0.609375
vt 0.359375 0.640625
vt 0.3828125 0.640625
vt 0.3828125 0.609375
vt 0.359375 0.609375
vt 0.3984375 0.8515625
vt 0.3671875 0.8515625
vt 0.3671875 0.875
vt 0.3984375 0.875
vt 0.3984375 0.84375
vt 0.3671875 0.84375
vt 0.3671875 0.8203125
vt 0.3984375 0.8203125
vn 1.0408340855860844e-17 -0.08715574274765867 0.9961946980917455
vn 0.9762960071199334 0.21561599586216232 0.01886395531279187
vn -1.0408340855860844e-17 0.08715574274765867 -0.9961946980917455
vn -0.9762960071199334 -0.21561599586216232 -0.01886395531279187
vn 0.21643961393810288 -0.9725809060610187 -0.08508980364211126
vn -0.21643961393810288 0.9725809060610187 0.08508980364211126
usemtl m_999aec5a-ee7c-a245-f569-ba4b370f1dd0
f 44/124/31 47/123/31 45/122/31 42/121/31
f 43/128/32 44/127/32 42/126/32 41/125/32
f 48/132/33 43/131/33 41/130/33 46/129/33
f 47/136/34 48/135/34 46/134/34 45/133/34
f 46/140/35 41/139/35 42/138/35 45/137/35
f 47/144/36 44/143/36 43/142/36 48/141/36
o cube
v 0.40734724370642006 -0.04679412950023554 -0.1311866206104947
v 0.40734724370642006 -0.05579062814433605 0.07486707509076329
v 0.40734724370642006 0.20296792589522894 -0.12028177376916072
v 0.40734724370642006 0.19397142725112837 0.08577192193209737
v 0.21984724370642006 -0.05579062814433605 0.07486707509076329
v 0.21984724370642006 -0.04679412950023554 -0.1311866206104947
v 0.21984724370642006 0.19397142725112837 0.08577192193209737
v 0.21984724370642006 0.20296792589522894 -0.12028177376916072
vt 0.3828125 1
vt 0.40625 1
vt 0.40625 0.96875
vt 0.3828125 0.96875
vt 0.3828125 0.9609375
vt 0.40625 0.9609375
vt 0.40625 0.9296875
vt 0.3828125 0.9296875
vt 0.3828125 0.921875
vt 0.40625 0.921875
vt 0.40625 0.890625
vt 0.3828125 0.890625
vt 0.390625 0.7578125
vt 0.4140625 0.7578125
vt 0.4140625 0.7265625
vt 0.390625 0.7265625
vt 0.46875 0.9765625
vt 0.4453125 0.9765625
vt 0.4453125 1
vt 0.46875 1
vt 0.46875 0.96875
vt 0.4453125 0.96875
vt 0.4453125 0.9453125
vt 0.46875 0.9453125
vn 0 -0.043619387365336104 0.9990482215818577
vn 1 0 0
vn 0 0.043619387365336104 -0.9990482215818577
vn -1 0 0
vn 0 -0.9990482215818577 -0.043619387365336104
vn 0 0.9990482215818577 0.043619387365336104
usemtl m_999aec5a-ee7c-a245-f569-ba4b370f1dd0
f 52/148/37 55/147/37 53/146/37 50/145/37
f 51/152/38 52/151/38 50/150/38 49/149/38
f 56/156/39 51/155/39 49/154/39 54/153/39
f 55/160/40 56/159/40 54/158/40 53/157/40
f 54/164/41 49/163/41 50/162/41 53/161/41
f 55/168/42 52/167/42 51/166/42 56/165/42
o cube
v 0.40734724370642006 -0.2965561848956999 -0.14209146745182877
v 0.40734724370642006 -0.3055526835398005 0.06396222824942921
v 0.40734724370642006 -0.04679412950023554 -0.1311866206104947
v 0.40734724370642006 -0.05579062814433605 0.07486707509076329
v 0.21984724370642006 -0.3055526835398005 0.06396222824942921
v 0.21984724370642006 -0.2965561848956999 -0.14209146745182877
v 0.21984724370642006 -0.05579062814433605 0.07486707509076329
v 0.21984724370642006 -0.04679412950023554 -0.1311866206104947
vt 0.390625 0.71875
vt 0.4140625 0.71875
vt 0.4140625 0.6875
vt 0.390625 0.6875
vt 0.390625 0.6796875
vt 0.4140625 0.6796875
vt 0.4140625 0.6484375
vt 0.390625 0.6484375
vt 0.390625 0.640625
vt 0.4140625 0.640625
vt 0.4140625 0.609375
vt 0.390625 0.609375
vt 0.140625 0.6015625
vt 0.1640625 0.6015625
vt 0.1640625 0.5703125
vt 0.140625 0.5703125
vt 0.46875 0.9140625
vt 0.4453125 0.9140625
vt 0.4453125 0.9375
vt 0.46875 0.9375
vt 0.46875 0.8046875
vt 0.4453125 0.8046875
vt 0.4453125 0.78125
vt 0.46875 0.78125
vn 0 -0.043619387365336104 0.9990482215818577
vn 1 0 0
vn 0 0.043619387365336104 -0.9990482215818577
vn -1 0 0
vn 0 -0.9990482215818577 -0.043619387365336104
vn 0 0.9990482215818577 0.043619387365336104
usemtl m_999aec5a-ee7c-a245-f569-ba4b370f1dd0
f 60/172/43 63/171/43 61/170/43 58/169/43
f 59/176/44 60/175/44 58/174/44 57/173/44
f 64/180/45 59/179/45 57/178/45 62/177/45
f 63/184/46 64/183/46 62/182/46 61/181/46
f 62/188/47 57/187/47 58/186/47 61/185/47
f 63/192/48 60/191/48 59/190/48 64/189/48
o cube
v 0.40734724370642006 -0.4838777264422982 -0.15027010258282925
v 0.40734724370642006 -0.4928742250863988 0.05578359311842873
v 0.40734724370642006 -0.2965561848956999 -0.14209146745182877
v 0.40734724370642006 -0.3055526835398005 0.06396222824942921
v 0.21984724370642006 -0.4928742250863988 0.05578359311842873
v 0.21984724370642006 -0.4838777264422982 -0.15027010258282925
v 0.21984724370642006 -0.3055526835398005 0.06396222824942921
v 0.21984724370642006 -0.2965561848956999 -0.14209146745182877
vt 0.4453125 0.609375
vt 0.46875 0.609375
vt 0.46875 0.5859375
vt 0.4453125 0.5859375
vt 0.453125 0.7734375
vt 0.4765625 0.7734375
vt 0.4765625 0.75
vt 0.453125 0.75
vt 0.453125 0.7421875
vt 0.4765625 0.7421875
vt 0.4765625 0.71875
vt 0.453125 0.71875
vt 0.453125 0.7109375
vt 0.4765625 0.7109375
vt 0.4765625 0.6875
vt 0.453125 0.6875
vt 0.4765625 0.65625
vt 0.453125 0.65625
vt 0.453125 0.6796875
vt 0.4765625 0.6796875
vt 0.4765625 0.6484375
vt 0.453125 0.6484375
vt 0.453125 0.625
vt 0.4765625 0.625
vn 0 -0.043619387365336104 0.9990482215818577
vn 1 0 0
vn 0 0.043619387365336104 -0.9990482215818577
vn -1 0 0
vn 0 -0.9990482215818577 -0.043619387365336104
vn 0 0.9990482215818577 0.043619387365336104
usemtl m_999aec5a-ee7c-a245-f569-ba4b370f1dd0
f 68/196/49 71/195/49 69/194/49 66/193/49
f 67/200/50 68/199/50 66/198/50 65/197/50
f 72/204/51 67/203/51 65/202/51 70/201/51
f 71/208/52 72/207/52 70/206/52 69/205/52
f 70/212/53 65/211/53 66/210/53 69/209/53
f 71/216/54 68/215/54 67/214/54 72/213/54
o cube
v 0.17297224370642006 -0.04679412950023554 -0.1311866206104947
v 0.17297224370642006 -0.05579062814433605 0.07486707509076329
v 0.17297224370642006 0.20296792589522894 -0.12028177376916072
v 0.17297224370642006 0.19397142725112837 0.08577192193209737
v -0.014527756293579941 -0.05579062814433605 0.07486707509076329
v -0.014527756293579941 -0.04679412950023554 -0.1311866206104947
v -0.014527756293579941 0.19397142725112837 0.08577192193209737
v -0.014527756293579941 0.20296792589522894 -0.12028177376916072
vt 0.171875 0.6015625
vt 0.1953125 0.6015625
vt 0.1953125 0.5703125
vt 0.171875 0.5703125
vt 0.2890625 0.6015625
vt 0.3125 0.6015625
vt 0.3125 0.5703125
vt 0.2890625 0.5703125
vt 0.3203125 0.6015625
vt 0.34375 0.6015625
vt 0.34375 0.5703125
vt 0.3203125 0.5703125
vt 0.3515625 0.6015625
vt 0.375 0.6015625
vt 0.375 0.5703125
vt 0.3515625 0.5703125
vt 0.4765625 0.5546875
vt 0.453125 0.5546875
vt 0.453125 0.578125
vt 0.4765625 0.578125
vt 0.4765625 0.546875
vt 0.453125 0.546875
vt 0.453125 0.5234375
vt 0.4765625 0.5234375
vn 0 -0.043619387365336104 0.9990482215818577
vn 1 0 0
vn 0 0.043619387365336104 -0.9990482215818577
vn -1 0 0
vn 0 -0.9990482215818577 -0.043619387365336104
vn 0 0.9990482215818577 0.043619387365336104
usemtl m_999aec5a-ee7c-a245-f569-ba4b370f1dd0
f 76/220/55 79/219/55 77/218/55 74/217/55
f 75/224/56 76/223/56 74/222/56 73/221/56
f 80/228/57 75/227/57 73/226/57 78/225/57
f 79/232/58 80/231/58 78/230/58 77/229/58
f 78/236/59 73/235/59 74/234/59 77/233/59
f 79/240/60 76/239/60 75/238/60 80/237/60
o cube
v 0.17297224370642006 -0.2965561848956999 -0.14209146745182877
v 0.17297224370642006 -0.3055526835398005 0.06396222824942921
v 0.17297224370642006 -0.04679412950023554 -0.1311866206104947
v 0.17297224370642006 -0.05579062814433605 0.07486707509076329
v -0.014527756293579941 -0.3055526835398005 0.06396222824942921
v -0.014527756293579941 -0.2965561848956999 -0.14209146745182877
v -0.014527756293579941 -0.05579062814433605 0.07486707509076329
v -0.014527756293579941 -0.04679412950023554 -0.1311866206104947
vt 0.3828125 0.6015625
vt 0.40625 0.6015625
vt 0.40625 0.5703125
vt 0.3828125 0.5703125
vt 0.40625 0.8828125
vt 0.4296875 0.8828125
vt 0.4296875 0.8515625
vt 0.40625 0.8515625
vt 0.40625 0.84375
vt 0.4296875 0.84375
vt 0.4296875 0.8125
vt 0.40625 0.8125
vt 0.4140625 1
vt 0.4375 1
vt 0.4375 0.96875
vt 0.4140625 0.96875
vt 0.4921875 0.8828125
vt 0.46875 0.8828125
vt 0.46875 0.90625
vt 0.4921875 0.90625
vt 0.4921875 0.875
vt 0.46875 0.875
vt 0.46875 0.8515625
vt 0.4921875 0.8515625
vn 0 -0.043619387365336104 0.9990482215818577
vn 1 0 0
vn 0 0.043619387365336104 -0.9990482215818577
vn -1 0 0
vn 0 -0.9990482215818577 -0.043619387365336104
vn 0 0.9990482215818577 0.043619387365336104
usemtl m_999aec5a-ee7c-a245-f569-ba4b370f1dd0
f 84/244/61 87/243/61 85/242/61 82/241/61
f 83/248/62 84/247/62 82/246/62 81/245/62
f 88/252/63 83/251/63 81/250/63 86/249/63
f 87/256/64 88/255/64 86/254/64 85/253/64
f 86/260/65 81/259/65 82/258/65 85/257/65
f 87/264/66 84/263/66 83/262/66 88/261/66
o cube
v 0.17297224370642006 -0.5463182402911644 -0.15299631429316274
v 0.17297224370642006 -0.5553147389352648 0.05305738140809524
v 0.17297224370642006 -0.2965561848956999 -0.14209146745182877
v 0.17297224370642006 -0.3055526835398005 0.06396222824942921
v -0.014527756293579941 -0.5553147389352648 0.05305738140809524
v -0.014527756293579941 -0.5463182402911644 -0.15299631429316274
v -0.014527756293579941 -0.3055526835398005 0.06396222824942921
v -0.014527756293579941 -0.2965561848956999 -0.14209146745182877
vt 0.4140625 0.9609375
vt 0.4375 0.9609375
vt 0.4375 0.9296875
vt 0.4140625 0.9296875
vt 0.4140625 0.921875
vt 0.4375 0.921875
vt 0.4375 0.890625
vt 0.4140625 0.890625
vt 0.4140625 0.8046875
vt 0.4375 0.8046875
vt 0.4375 0.7734375
vt 0.4140625 0.7734375
vt 0.4140625 0.6015625
vt 0.4375 0.6015625
vt 0.4375 0.5703125
vt 0.4140625 0.5703125
vt 0.4921875 0.8203125
vt 0.46875 0.8203125
vt 0.46875 0.84375
vt 0.4921875 0.84375
vt 0.2265625 0.53125
vt 0.203125 0.53125
vt 0.203125 0.5078125
vt 0.2265625 0.5078125
vn 0 -0.043619387365336104 0.9990482215818577
vn 1 0 0
vn 0 0.043619387365336104 -0.9990482215818577
vn -1 0 0
vn 0 -0.9990482215818577 -0.043619387365336104
vn 0 0.9990482215818577 0.043619387365336104
usemtl m_999aec5a-ee7c-a245-f569-ba4b370f1dd0
f 92/268/67 95/267/67 93/266/67 90/265/67
f 91/272/68 92/271/68 90/270/68 89/269/68
f 96/276/69 91/275/69 89/274/69 94/273/69
f 95/280/70 96/279/70 94/278/70 93/277/70
f 94/284/71 89/283/71 90/282/71 93/281/71
f 95/288/72 92/287/72 91/286/72 96/285/72
o cube
v -0.07702775629358 -0.04679412950023554 -0.1311866206104947
v -0.07702775629358 -0.05579062814433605 0.07486707509076329
v -0.07702775629358 0.20296792589522894 -0.12028177376916072
v -0.07702775629358 0.19397142725112837 0.08577192193209737
v -0.26452775629357994 -0.05579062814433605 0.07486707509076329
v -0.26452775629357994 -0.04679412950023554 -0.1311866206104947
v -0.26452775629357994 0.19397142725112837 0.08577192193209737
v -0.26452775629357994 0.20296792589522894 -0.12028177376916072
vt 0.421875 0.765625
vt 0.4453125 0.765625
vt 0.4453125 0.734375
vt 0.421875 0.734375
vt 0.421875 0.7265625
vt 0.4453125 0.7265625
vt 0.4453125 0.6953125
vt 0.421875 0.6953125
vt 0.421875 0.6875
vt 0.4453125 0.6875
vt 0.4453125 0.65625
vt 0.421875 0.65625
vt 0.421875 0.6484375
vt 0.4453125 0.6484375
vt 0.4453125 0.6171875
vt 0.421875 0.6171875
vt 0.2578125 0.5078125
vt 0.234375 0.5078125
vt 0.234375 0.53125
vt 0.2578125 0.53125
vt 0.5 1
vt 0.4765625 1
vt 0.4765625 0.9765625
vt 0.5 0.9765625
vn 0 -0.043619387365336104 0.9990482215818577
vn 1 0 0
vn 0 0.043619387365336104 -0.9990482215818577
vn -1 0 0
vn 0 -0.9990482215818577 -0.043619387365336104
vn 0 0.9990482215818577 0.043619387365336104
usemtl m_999aec5a-ee7c-a245-f569-ba4b370f1dd0
f 100/292/73 103/291/73 101/290/73 98/289/73
f 99/296/74 100/295/74 98/294/74 97/293/74
f 104/300/75 99/299/75 97/298/75 102/297/75
f 103/304/76 104/303/76 102/302/76 101/301/76
f 102/308/77 97/307/77 98/306/77 101/305/77
f 103/312/78 100/311/78 99/310/78 104/309/78
o cube
v -0.07702775629358 -0.2965561848957 -0.14209146745182877
v -0.07702775629358 -0.30555268353980053 0.06396222824942921
v -0.07702775629358 -0.04679412950023559 -0.13118662061049474
v -0.07702775629358 -0.05579062814433611 0.07486707509076329
v -0.26452775629357994 -0.30555268353980053 0.06396222824942921
v -0.26452775629357994 -0.2965561848957 -0.14209146745182877
v -0.26452775629357994 -0.05579062814433611 0.07486707509076329
v -0.26452775629357994 -0.04679412950023559 -0.13118662061049474
vt 0.203125 0.5703125
vt 0.2265625 0.5703125
vt 0.2265625 0.5390625
vt 0.203125 0.5390625
vt 0.234375 0.5703125
vt 0.2578125 0.5703125
vt 0.2578125 0.5390625
vt 0.234375 0.5390625
vt 0.4375 0.8828125
vt 0.4609375 0.8828125
vt 0.4609375 0.8515625
vt 0.4375 0.8515625
vt 0.140625 0.5625
vt 0.1640625 0.5625
vt 0.1640625 0.53125
vt 0.140625 0.53125
vt 0.5 0.9453125
vt 0.4765625 0.9453125
vt 0.4765625 0.96875
vt 0.5 0.96875
vt 0.5 0.9375
vt 0.4765625 0.9375
vt 0.4765625 0.9140625
vt 0.5 0.9140625
vn 0 -0.043619387365336104 0.9990482215818577
vn 1 0 0
vn 0 0.043619387365336104 -0.9990482215818577
vn -1 0 0
vn 0 -0.9990482215818577 -0.043619387365336104
vn 0 0.9990482215818577 0.043619387365336104
usemtl m_999aec5a-ee7c-a245-f569-ba4b370f1dd0
f 108/316/79 111/315/79 109/314/79 106/313/79
f 107/320/80 108/319/80 106/318/80 105/317/80
f 112/324/81 107/323/81 105/322/81 110/321/81
f 111/328/82 112/327/82 110/326/82 109/325/82
f 110/332/83 105/331/83 106/330/83 109/329/83
f 111/336/84 108/335/84 107/334/84 112/333/84
o cube
v -0.07702775629358 -0.5307081118289478 -0.15231476136557942
v -0.07702775629358 -0.5397046104730485 0.053738934335678556
v -0.07702775629358 -0.2965561848957 -0.14209146745182877
v -0.07702775629358 -0.3055526835398006 0.06396222824942921
v -0.26452775629357994 -0.5397046104730485 0.053738934335678556
v -0.26452775629357994 -0.5307081118289478 -0.15231476136557942
v -0.26452775629357994 -0.3055526835398006 0.06396222824942921
v -0.26452775629357994 -0.2965561848957 -0.14209146745182877
vt 0.4375 0.84375
vt 0.4609375 0.84375
vt 0.4609375 0.8125
vt 0.4375 0.8125
vt 0.171875 0.5625
vt 0.1953125 0.5625
vt 0.1953125 0.53125
vt 0.171875 0.53125
vt 0.265625 0.5625
vt 0.2890625 0.5625
vt 0.2890625 0.53125
vt 0.265625 0.53125
vt 0.296875 0.5625
vt 0.3203125 0.5625
vt 0.3203125 0.53125
vt 0.296875 0.53125
vt 0.1640625 0.5
vt 0.140625 0.5
vt 0.140625 0.5234375
vt 0.1640625 0.5234375
vt 0.1953125 0.5234375
vt 0.171875 0.5234375
vt 0.171875 0.5
vt 0.1953125 0.5
vn 0 -0.043619387365336104 0.9990482215818577
vn 1 0 0
vn 0 0.043619387365336104 -0.9990482215818577
vn -1 0 0
vn 0 -0.9990482215818577 -0.043619387365336104
vn 0 0.9990482215818577 0.043619387365336104
usemtl m_999aec5a-ee7c-a245-f569-ba4b370f1dd0
f 116/340/85 119/339/85 117/338/85 114/337/85
f 115/344/86 116/343/86 114/342/86 113/341/86
f 120/348/87 115/347/87 113/346/87 118/345/87
f 119/352/88 120/351/88 118/350/88 117/349/88
f 118/356/89 113/355/89 114/354/89 117/353/89
f 119/360/90 116/359/90 115/358/90 120/357/90
o cube
v -0.38079801315793443 0.00229088437286018 -0.12904352262211793
v -0.38079801315793443 -0.00670561427124039 0.07701017307914004
v -0.3056215632818662 0.24049319025723226 -0.11864338534422442
v -0.3056215632818662 0.2314966916131317 0.08741031035703362
v -0.559619941423227 0.049623059643902345 0.07946953609506124
v -0.559619941423227 0.058619558288002915 -0.12658415960619673
v -0.4844434915471587 0.2878253655282744 0.08986967337295482
v -0.4844434915471587 0.296821864172375 -0.11618402232830316
vt 0.328125 0.5625
vt 0.3515625 0.5625
vt 0.3515625 0.53125
vt 0.328125 0.53125
vt 0.359375 0.5625
vt 0.3828125 0.5625
vt 0.3828125 0.53125
vt 0.359375 0.53125
vt 0.390625 0.5625
vt 0.4140625 0.5625
vt 0.4140625 0.53125
vt 0.390625 0.53125
vt 0.421875 0.5625
vt 0.4453125 0.5625
vt 0.4453125 0.53125
vt 0.421875 0.53125
vt 0.5 0.7890625
vt 0.4765625 0.7890625
vt 0.4765625 0.8125
vt 0.5 0.8125
vt 0.2890625 0.5234375
vt 0.265625 0.5234375
vt 0.265625 0.5
vt 0.2890625 0.5
vn 1.734723475976807e-18 -0.0436193873653361 0.9990482215818577
vn 0.953716950748227 -0.3004195942140947 -0.013116602751579984
vn -1.734723475976807e-18 0.0436193873653361 -0.9990482215818577
vn -0.953716950748227 0.3004195942140947 0.013116602751579984
vn -0.30070579950427306 -0.9528092235374885 -0.04160054911157409
vn 0.30070579950427306 0.9528092235374885 0.04160054911157409
usemtl m_999aec5a-ee7c-a245-f569-ba4b370f1dd0
f 124/364/91 127/363/91 125/362/91 122/361/91
f 123/368/92 124/367/92 122/366/92 121/365/92
f 128/372/93 123/371/93 121/370/93 126/369/93
f 127/376/94 128/375/94 126/374/94 125/373/94
f 126/380/95 121/379/95 122/378/95 125/377/95
f 127/384/96 124/383/96 123/382/96 128/381/96
o cube
v -0.4371803505649856 -0.17636084504041882 -0.1368436255805381
v -0.4371803505649856 -0.1853573436845194 0.06921007012071989
v -0.38079801315793443 0.0022908843728602912 -0.12904352262211793
v -0.38079801315793443 -0.006705614271240334 0.07701017307914004
v -0.6160022788302781 -0.12902866976937666 0.0716694331366412
v -0.6160022788302781 -0.12003217112527609 -0.13438426256461689
v -0.559619941423227 0.049623059643902456 0.07946953609506124
v -0.559619941423227 0.058619558288003026 -0.12658415960619673
vt 0.296875 0.5234375
vt 0.3203125 0.5234375
vt 0.3203125 0.5
vt 0.296875 0.5
vt 0.328125 0.5234375
vt 0.3515625 0.5234375
vt 0.3515625 0.5
vt 0.328125 0.5
vt 0.359375 0.5234375
vt 0.3828125 0.5234375
vt 0.3828125 0.5
vt 0.359375 0.5
vt 0.4765625 0.6171875
vt 0.5 0.6171875
vt 0.5 0.59375
vt 0.4765625 0.59375
vt 0.4140625 0.5
vt 0.390625 0.5
vt 0.390625 0.5234375
vt 0.4140625 0.5234375
vt 0.4453125 0.5234375
vt 0.421875 0.5234375
vt 0.421875 0.5
vt 0.4453125 0.5
vn 1.734723475976807e-18 -0.0436193873653361 0.9990482215818577
vn 0.953716950748227 -0.3004195942140947 -0.013116602751579984
vn -1.734723475976807e-18 0.0436193873653361 -0.9990482215818577
vn -0.953716950748227 0.3004195942140947 0.013116602751579984
vn -0.30070579950427306 -0.9528092235374885 -0.04160054911157409
vn 0.30070579950427306 0.9528092235374885 0.04160054911157409
usemtl m_999aec5a-ee7c-a245-f569-ba4b370f1dd0
f 132/388/97 135/387/97 133/386/97 130/385/97
f 131/392/98 132/391/98 130/390/98 129/389/98
f 136/396/99 131/395/99 129/394/99 134/393/99
f 135/400/100 136/399/100 134/398/100 133/397/100
f 134/404/101 129/403/101 130/402/101 133/401/101
f 135/408/102 132/407/102 131/406/102 136/405/102
o cube
v -0.49356268797203684 -0.35501257445369794 -0.14464372853895824
v -0.49356268797203684 -0.3640090730977985 0.06140996716229974
v -0.43718035056498566 -0.17636084504041888 -0.1368436255805381
v -0.43718035056498566 -0.18535734368451945 0.06921007012071989
v -0.6723846162373295 -0.3076803991826558 0.06386933017822105
v -0.6723846162373295 -0.2986839005385552 -0.14218436552303698
v -0.6160022788302782 -0.12902866976937666 0.0716694331366412
v -0.6160022788302782 -0.12003217112527614 -0.13438426256461689
vt 0.484375 0.78125
vt 0.5078125 0.78125
vt 0.5078125 0.7578125
vt 0.484375 0.7578125
vt 0.484375 0.75
vt 0.5078125 0.75
vt 0.5078125 0.7265625
vt 0.484375 0.7265625
vt 0.484375 0.71875
vt 0.5078125 0.71875
vt 0.5078125 0.6953125
vt 0.484375 0.6953125
vt 0.484375 0.6875
vt 0.5078125 0.6875
vt 0.5078125 0.6640625
vt 0.484375 0.6640625
vt 0.5078125 0.6328125
vt 0.484375 0.6328125
vt 0.484375 0.65625
vt 0.5078125 0.65625
vt 0.5078125 0.5859375
vt 0.484375 0.5859375
vt 0.484375 0.5625
vt 0.5078125 0.5625
vn 1.734723475976807e-18 -0.0436193873653361 0.9990482215818577
vn 0.953716950748227 -0.3004195942140947 -0.013116602751579984
vn -1.734723475976807e-18 0.0436193873653361 -0.9990482215818577
vn -0.953716950748227 0.3004195942140947 0.013116602751579984
vn -0.30070579950427306 -0.9528092235374885 -0.04160054911157409
vn 0.30070579950427306 0.9528092235374885 0.04160054911157409
usemtl m_999aec5a-ee7c-a245-f569-ba4b370f1dd0
f 140/412/103 143/411/103 141/410/103 138/409/103
f 139/416/104 140/415/104 138/414/104 137/413/104
f 144/420/105 139/419/105 137/418/105 142/417/105
f 143/424/106 144/423/106 142/422/106 141/421/106
f 142/428/107 137/427/107 138/426/107 141/425/107
f 143/432/108 140/431/108 139/430/108 144/429/108